Best AUC-PR: 0.9997185128023809
n_estimators: 204
max_depth: 8
learning_rate: 0.09337881013533071
subsample: 0.9993812084387618
colsample_bytree: 0.9982843135386801
reg_lambda: 7.2056852195228975
min_child_weight: 3.005631714699859
gamma: 0.33585884934472254
scale_pos_weight: 287.78829734265184
